&s2m
  s0%t     = 295.419
  s0%q     = 20645.9822971
  s0%o     = 0.07520452401
  s0%p     = 1017.08
  s0%u     = -6.15895
  s0%v     = -6.82153
  s0%wfetc = 100000.0
/
