&s2m
  s0%t     = 274.633
  s0%q     = 10518.3874379
  s0%o     = 0.027073008505
  s0%p     = 1000.0
  s0%u     = 0.0
  s0%v     = 0.0
  s0%wfetc = 100000.0
/
