&s2m
  s0%t     = 277.555
  s0%q     = 4582.83096703
  s0%o     = 0.0210706920089
  s0%p     = 988.71887
  s0%u     = 0.0
  s0%v     = 0.0
  s0%wfetc = 100000.0
/
