&s2m
  s0%t     = 282.249
  s0%q     = 10869.9213689
  s0%o     = 0.00452941452112
  s0%p     = 983.049
  s0%u     = 1.58897
  s0%v     = -3.80334
  s0%wfetc = 100000.0
/
