&s2m
  s0%t     = 264.826
  s0%q     = 1758.1335225
  s0%o     = 0.0244316702095
  s0%p     = 994.31097
  s0%u     = 0.0
  s0%v     = 0.0
  s0%wfetc = 100000.0
/
