&s2m
  s0%t     = 272.193
  s0%q     = 4688.17759279
  s0%o     = 0.000600618560233
  s0%p     = 993.016
  s0%u     = 6.53387
  s0%v     = -6.62666
  s0%wfetc = 100000.0
/
