&s2m
  s0%t     = 277.785
  s0%q     = 3714.67970528
  s0%o     = 0.0265099568307
  s0%p     = 1003.55103
  s0%u     = 0.0
  s0%v     = 0.0
  s0%wfetc = 100000.0
/
