&s2m
  s0%t     = 282.123
  s0%q     = 9705.51969545
  s0%o     = 0.0326584265187
  s0%p     = 878.66132
  s0%u     = 0.0
  s0%v     = 0.0
  s0%wfetc = 100000.0
/
