&s2m
  s0%t     = 292.611
  s0%q     = 18604.838153
  s0%o     = 0.000592220584402
  s0%p     = 1009.79
  s0%u     = -8.05882
  s0%v     = -8.31393
  s0%wfetc = 100000.0
/
