&s2m
  s0%t     = 301.566
  s0%q     = 34933.9529133
  s0%o     = 0.0475017434262
  s0%p     = 1007.43
  s0%u     = 0.818985
  s0%v     = 0.10112
  s0%wfetc = 100000.0
/
