&s2m
  s0%t     = 281.042
  s0%q     = 7896.97144975
  s0%o     = 0.0381456669756
  s0%p     = 996.90979
  s0%u     = 0.0
  s0%v     = 0.0
  s0%wfetc = 100000.0
/
