&s2m
  s0%t     = 285.383
  s0%q     = 8754.31512789
  s0%o     = 0.0270925288098
  s0%p     = 993.45612
  s0%u     = 0.0
  s0%v     = 0.0
  s0%wfetc = 100000.0
/
