&s2m
  s0%t     = 244.309
  s0%q     = 432.875491783
  s0%o     = 0.0459171468477
  s0%p     = 993.608
  s0%u     = 7.03587
  s0%v     = 2.44736
  s0%wfetc = 100000.0
/
