&s2m
  s0%t     = 301.071
  s0%q     = 28049.185241
  s0%o     = 0.0174644967801
  s0%p     = 1005.04
  s0%u     = -1.24091
  s0%v     = -2.79457
  s0%wfetc = 100000.0
/
