&s2m
  s0%t     = 230.518
  s0%q     = 86.1169832265
  s0%o     = 0.0304411782718
  s0%p     = 668.43561
  s0%u     = 0.0
  s0%v     = 0.0
  s0%wfetc = 100000.0
/
