&s2m
  s0%t     = 264.376
  s0%q     = 2385.64013129
  s0%o     = 0.0743425816284
  s0%p     = 975.945
  s0%u     = 10.8858
  s0%v     = 4.06105
  s0%wfetc = 100000.0
/
