&s2m
  s0%t     = 257.664
  s0%q     = 498.971902748
  s0%o     = 0.0469541594975
  s0%p     = 906.34473
  s0%u     = 0.0
  s0%v     = 0.0
  s0%wfetc = 100000.0
/
