&s2m
  s0%t     = 309.429
  s0%q     = 7080.25255986
  s0%o     = 0.0455230867047
  s0%p     = 968.28778
  s0%u     = 0.0
  s0%v     = 0.0
  s0%wfetc = 100000.0
/
