&s2m
  s0%t     = 318.259
  s0%q     = 36051.9463895
  s0%o     = 0.0757708475696
  s0%p     = 1000.0
  s0%u     = 0.0
  s0%v     = 0.0
  s0%wfetc = 100000.0
/
