&s2m
  s0%t     = 289.908
  s0%q     = 13601.0604183
  s0%o     = 0.0232332460633
  s0%p     = 1016.29602
  s0%u     = 0.0
  s0%v     = 0.0
  s0%wfetc = 100000.0
/
