&s2m
  s0%t     = 236.952
  s0%q     = 110.105875361
  s0%o     = 0.0330288629277
  s0%p     = 786.95422
  s0%u     = 0.0
  s0%v     = 0.0
  s0%wfetc = 100000.0
/
