&s2m
  s0%t     = 299.063
  s0%q     = 29966.465691
  s0%o     = 0.0306630298161
  s0%p     = 1007.98
  s0%u     = -6.22443
  s0%v     = 0.168106
  s0%wfetc = 100000.0
/
