&s2m
  s0%t     = 278.869
  s0%q     = 8054.87218251
  s0%o     = 0.0180407044286
  s0%p     = 947.1618
  s0%u     = 0.0
  s0%v     = 0.0
  s0%wfetc = 100000.0
/
