&s2m
  s0%t     = 261.988
  s0%q     = 1524.46246595
  s0%o     = 0.029825163239
  s0%p     = 968.41431
  s0%u     = 0.0
  s0%v     = 0.0
  s0%wfetc = 100000.0
/
