&s2m
  s0%t     = 232.587
  s0%q     = 135.960066008
  s0%o     = 0.111952694881
  s0%p     = 846.416
  s0%u     = -0.347565
  s0%v     = 0.237808
  s0%wfetc = 100000.0
/
