&s2m
  s0%t     = 274.81
  s0%q     = 6138.87608117
  s0%o     = 0.0507714396589
  s0%p     = 1016.79
  s0%u     = 8.31799
  s0%v     = -1.2184
  s0%wfetc = 100000.0
/
