&s2m
  s0%t     = 273.137
  s0%q     = 3601.55588921
  s0%o     = 0.0676830481001
  s0%p     = 1022.19
  s0%u     = -0.0293884
  s0%v     = 7.77176
  s0%wfetc = 100000.0
/
