&s2m
  s0%t     = 281.228
  s0%q     = 7483.43165963
  s0%o     = 0.0600608839378
  s0%p     = 1029.06
  s0%u     = -2.17683
  s0%v     = 10.2175
  s0%wfetc = 100000.0
/
