&s2m
  s0%t     = 301.53
  s0%q     = 22032.3400214
  s0%o     = 0.0312287567087
  s0%p     = 1014.245
  s0%u     = 0.0
  s0%v     = 0.0
  s0%wfetc = 100000.0
/
