&s2m
  s0%t     = 220.0
  s0%q     = 16.8918146618
  s0%o     = 0.0329606432255
  s0%p     = 666.69312
  s0%u     = 0.0
  s0%v     = 0.0
  s0%wfetc = 100000.0
/
