&s2m
  s0%t     = 286.606
  s0%q     = 3381.13911363
  s0%o     = 0.0265278015153
  s0%p     = 839.59509
  s0%u     = 0.0
  s0%v     = 0.0
  s0%wfetc = 100000.0
/
