&s2m
  s0%t     = 285.432
  s0%q     = 8311.9818771
  s0%o     = 0.0186849889623
  s0%p     = 1002.00598
  s0%u     = 0.0
  s0%v     = 0.0
  s0%wfetc = 100000.0
/
