&s2m
  s0%t     = 298.628
  s0%q     = 27663.5552549
  s0%o     = 0.01785141649
  s0%p     = 1011.53101
  s0%u     = 0.0
  s0%v     = 0.0
  s0%wfetc = 100000.0
/
