&s2m
  s0%t     = 238.013
  s0%q     = 216.521363517
  s0%o     = 0.0737730047934
  s0%p     = 1049.36
  s0%u     = 4.00602
  s0%v     = 5.7005
  s0%wfetc = 100000.0
/
