&s2m
  s0%t     = 300.945
  s0%q     = 29407.8737733
  s0%o     = 0.0183954384499
  s0%p     = 999.35522
  s0%u     = 0.0
  s0%v     = 0.0
  s0%wfetc = 100000.0
/
