&s2m
  s0%t     = 270.701
  s0%q     = 3831.07778422
  s0%o     = 0.000601135775081
  s0%p     = 977.347
  s0%u     = 1.8817
  s0%v     = 5.55957
  s0%wfetc = 100000.0
/
