&s2m
  s0%t     = 286.894
  s0%q     = 11031.1557204
  s0%o     = 0.000596790905115
  s0%p     = 1011.76
  s0%u     = 7.8822
  s0%v     = 7.58321
  s0%wfetc = 100000.0
/
