&s2m
  s0%t     = 235.445
  s0%q     = 124.79842341
  s0%o     = 0.0347283654138
  s0%p     = 813.02338
  s0%u     = 0.0
  s0%v     = 0.0
  s0%wfetc = 100000.0
/
