&s2m
  s0%t     = 254.79
  s0%q     = 754.574139634
  s0%o     = 0.0756948368106
  s0%p     = 870.793
  s0%u     = 3.51287
  s0%v     = -4.46025
  s0%wfetc = 100000.0
/
