&s2m
  s0%t     = 305.854
  s0%q     = 18303.2921909
  s0%o     = 0.000592402551598
  s0%p     = 1001.51
  s0%u     = -6.05528
  s0%v     = -1.22935
  s0%wfetc = 100000.0
/
