&s2m
  s0%t     = 299.205
  s0%q     = 28169.1016862
  s0%o     = 0.0215689121403
  s0%p     = 992.51288
  s0%u     = 0.0
  s0%v     = 0.0
  s0%wfetc = 100000.0
/
