&s2m
  s0%t     = 265.89
  s0%q     = 3034.92121424
  s0%o     = 0.0219226639035
  s0%p     = 862.50421
  s0%u     = 0.0
  s0%v     = 0.0
  s0%wfetc = 100000.0
/
