&s2m
  s0%t     = 295.807
  s0%q     = 4152.21720579
  s0%o     = 0.0531281804577
  s0%p     = 772.69928
  s0%u     = 0.0
  s0%v     = 0.0
  s0%wfetc = 100000.0
/
