&s2m
  s0%t     = 271.218
  s0%q     = 4274.98603147
  s0%o     = 0.0359439802717
  s0%p     = 888.99329
  s0%u     = 0.0
  s0%v     = 0.0
  s0%wfetc = 100000.0
/
