&s2m
  s0%t     = 299.507
  s0%q     = 31181.8012539
  s0%o     = 0.0213633132187
  s0%p     = 974.59308
  s0%u     = 0.0
  s0%v     = 0.0
  s0%wfetc = 100000.0
/
