&s2m
  s0%t     = 263.178
  s0%q     = 2355.74735022
  s0%o     = 0.0246545828869
  s0%p     = 977.38452
  s0%u     = 0.0
  s0%v     = 0.0
  s0%wfetc = 100000.0
/
