&s2m
  s0%t     = 298.78
  s0%q     = 26582.5698902
  s0%o     = 0.0166347304631
  s0%p     = 1010.98499
  s0%u     = 0.0
  s0%v     = 0.0
  s0%wfetc = 100000.0
/
