&s2m
  s0%t     = 298.984
  s0%q     = 24794.5022595
  s0%o     = 0.0249549235639
  s0%p     = 1006.75702
  s0%u     = 0.0
  s0%v     = 0.0
  s0%wfetc = 100000.0
/
