&s2m
  s0%t     = 279.876
  s0%q     = 7152.01027939
  s0%o     = 0.0208749268383
  s0%p     = 1007.99701
  s0%u     = 0.0
  s0%v     = 0.0
  s0%wfetc = 100000.0
/
