&s2m
  s0%t     = 253.704
  s0%q     = 822.991127721
  s0%o     = 0.0248415387946
  s0%p     = 988.54071
  s0%u     = 0.0
  s0%v     = 0.0
  s0%wfetc = 100000.0
/
