&s2m
  s0%t     = 234.013
  s0%q     = 116.161158396
  s0%o     = 0.000603377532714
  s0%p     = 1013.25
  s0%u     = 0.0
  s0%v     = 0.0
  s0%wfetc = 100000.0
/
