&s2m
  s0%t     = 273.317
  s0%q     = 5619.26541873
  s0%o     = 0.022280094739
  s0%p     = 905.85559
  s0%u     = 0.0
  s0%v     = 0.0
  s0%wfetc = 100000.0
/
