&s2m
  s0%t     = 276.822
  s0%q     = 7113.69280967
  s0%o     = 0.0193109436544
  s0%p     = 1007.422
  s0%u     = 0.0
  s0%v     = 0.0
  s0%wfetc = 100000.0
/
