&s2m
  s0%t     = 246.352
  s0%q     = 470.255755483
  s0%o     = 0.0201008430157
  s0%p     = 779.86407
  s0%u     = 0.0
  s0%v     = 0.0
  s0%wfetc = 100000.0
/
