&s2m
  s0%t     = 251.339
  s0%q     = 786.558838187
  s0%o     = 0.0244221754008
  s0%p     = 1007.16998
  s0%u     = 0.0
  s0%v     = 0.0
  s0%wfetc = 100000.0
/
