&s2m
  s0%t     = 214.32
  s0%q     = 11.4912679492
  s0%o     = 0.0358058885402
  s0%p     = 601.14728
  s0%u     = 0.0
  s0%v     = 0.0
  s0%wfetc = 100000.0
/
