&s2m
  s0%t     = 233.925
  s0%q     = 137.077189039
  s0%o     = 0.103629147886
  s0%p     = 1011.38
  s0%u     = 9.83632
  s0%v     = 3.53796
  s0%wfetc = 100000.0
/
