&s2m
  s0%t     = 276.882
  s0%q     = 7456.04590136
  s0%o     = 0.053748187436
  s0%p     = 1017.68
  s0%u     = 2.21408
  s0%v     = 6.99957
  s0%wfetc = 100000.0
/
