&s2m
  s0%t     = 256.534
  s0%q     = 1253.8758216
  s0%o     = 0.0265346870272
  s0%p     = 988.48132
  s0%u     = 0.0
  s0%v     = 0.0
  s0%wfetc = 100000.0
/
