&s2m
  s0%t     = 250.701
  s0%q     = 777.347848901
  s0%o     = 0.00653453881282
  s0%p     = 833.905
  s0%u     = 1.38373
  s0%v     = 1.32913
  s0%wfetc = 100000.0
/
