&s2m
  s0%t     = 240.155
  s0%q     = 136.332410939
  s0%o     = 0.03114645315
  s0%p     = 717.06042
  s0%u     = 0.0
  s0%v     = 0.0
  s0%wfetc = 100000.0
/
