&s2m
  s0%t     = 303.072
  s0%q     = 14804.144049
  s0%o     = 0.0153291549207
  s0%p     = 992.31409
  s0%u     = 0.0
  s0%v     = 0.0
  s0%wfetc = 100000.0
/
