&s2m
  s0%t     = 273.168
  s0%q     = 4497.75876607
  s0%o     = 0.0223942211175
  s0%p     = 977.9411
  s0%u     = 0.0
  s0%v     = 0.0
  s0%wfetc = 100000.0
/
