&s2m
  s0%t     = 284.789
  s0%q     = 11774.3137613
  s0%o     = 0.0268993055343
  s0%p     = 1018.25897
  s0%u     = 0.0
  s0%v     = 0.0
  s0%wfetc = 100000.0
/
