&s2m
  s0%t     = 298.03
  s0%q     = 21865.3204403
  s0%o     = 0.0234217283425
  s0%p     = 1012.12701
  s0%u     = 0.0
  s0%v     = 0.0
  s0%wfetc = 100000.0
/
