&s2m
  s0%t     = 300.744
  s0%q     = 33422.4163454
  s0%o     = 0.0184476164728
  s0%p     = 940.84637
  s0%u     = 0.0
  s0%v     = 0.0
  s0%wfetc = 100000.0
/
