&s2m
  s0%t     = 236.257
  s0%q     = 164.827827309
  s0%o     = 0.022993309438
  s0%p     = 949.93158
  s0%u     = 0.0
  s0%v     = 0.0
  s0%wfetc = 100000.0
/
