&s2m
  s0%t     = 271.444
  s0%q     = 4578.01538678
  s0%o     = 0.0238854491474
  s0%p     = 1001.69598
  s0%u     = 0.0
  s0%v     = 0.0
  s0%wfetc = 100000.0
/
