&s2m
  s0%t     = 262.721
  s0%q     = 1316.27513621
  s0%o     = 0.0325125481364
  s0%p     = 991.1839
  s0%u     = 0.0
  s0%v     = 0.0
  s0%wfetc = 100000.0
/
