&s2m
  s0%t     = 236.252
  s0%q     = 67.9742238632
  s0%o     = 0.0581895824263
  s0%p     = 870.787
  s0%u     = 5.49971
  s0%v     = 1.47195
  s0%wfetc = 100000.0
/
