&s2m
  s0%t     = 295.41
  s0%q     = 16330.5845347
  s0%o     = 0.0263114846257
  s0%p     = 1007.30103
  s0%u     = 0.0
  s0%v     = 0.0
  s0%wfetc = 100000.0
/
