&s2m
  s0%t     = 270.186
  s0%q     = 4021.0558315
  s0%o     = 0.0226239605105
  s0%p     = 988.48132
  s0%u     = 0.0
  s0%v     = 0.0
  s0%wfetc = 100000.0
/
