&s2m
  s0%t     = 259.96
  s0%q     = 1803.73061922
  s0%o     = 0.0603804894859
  s0%p     = 991.548
  s0%u     = -7.75952
  s0%v     = -7.39192
  s0%wfetc = 100000.0
/
