&s2m
  s0%t     = 242.961
  s0%q     = 362.553553396
  s0%o     = 0.100423745514
  s0%p     = 804.655
  s0%u     = -7.71291
  s0%v     = 2.71536
  s0%wfetc = 100000.0
/
