&s2m
  s0%t     = 248.251
  s0%q     = 286.73076189
  s0%o     = 0.0391366750928
  s0%p     = 878.73169
  s0%u     = 0.0
  s0%v     = 0.0
  s0%wfetc = 100000.0
/
