&s2m
  s0%t     = 300.301
  s0%q     = 32554.6333329
  s0%o     = 0.0171293941731
  s0%p     = 941.55188
  s0%u     = 0.0
  s0%v     = 0.0
  s0%wfetc = 100000.0
/
