&s2m
  s0%t     = 315.244
  s0%q     = 12902.5771665
  s0%o     = 0.0256939237768
  s0%p     = 972.238
  s0%u     = 4.33342
  s0%v     = 0.988831
  s0%wfetc = 100000.0
/
