&s2m
  s0%t     = 297.276
  s0%q     = 24486.4869059
  s0%o     = 0.076145822022
  s0%p     = 1015.61
  s0%u     = -6.95306
  s0%v     = -0.147278
  s0%wfetc = 100000.0
/
