&s2m
  s0%t     = 299.86
  s0%q     = 29446.873038
  s0%o     = 0.0199125473399
  s0%p     = 960.87073
  s0%u     = 0.0
  s0%v     = 0.0
  s0%wfetc = 100000.0
/
