&s2m
  s0%t     = 234.721
  s0%q     = 119.802911554
  s0%o     = 0.0765043818633
  s0%p     = 885.143
  s0%u     = 1.75734
  s0%v     = 6.60501
  s0%wfetc = 100000.0
/
