&s2m
  s0%t     = 232.582
  s0%q     = 105.460586896
  s0%o     = 0.077300136162
  s0%p     = 1013.42
  s0%u     = 1.91405
  s0%v     = 3.93846
  s0%wfetc = 100000.0
/
