&s2m
  s0%t     = 296.772
  s0%q     = 28681.2498968
  s0%o     = 0.00914331518431
  s0%p     = 989.424
  s0%u     = 1.4104
  s0%v     = -0.301392
  s0%wfetc = 100000.0
/
