&s2m
  s0%t     = 282.663
  s0%q     = 8093.18591561
  s0%o     = 0.0233563305606
  s0%p     = 995.9823
  s0%u     = 0.0
  s0%v     = 0.0
  s0%wfetc = 100000.0
/
