&s2m
  s0%t     = 226.405
  s0%q     = 53.1182782986
  s0%o     = 0.0341758845394
  s0%p     = 634.40002
  s0%u     = 0.0
  s0%v     = 0.0
  s0%wfetc = 100000.0
/
