&s2m
  s0%t     = 299.508
  s0%q     = 31036.9522779
  s0%o     = 0.01747854304
  s0%p     = 951.90948
  s0%u     = 0.0
  s0%v     = 0.0
  s0%wfetc = 100000.0
/
