&s2m
  s0%t     = 254.785
  s0%q     = 754.054972021
  s0%o     = 0.0393785839754
  s0%p     = 875.53882
  s0%u     = 0.0
  s0%v     = 0.0
  s0%wfetc = 100000.0
/
