&s2m
  s0%t     = 244.309
  s0%q     = 388.692859114
  s0%o     = 0.0240960304032
  s0%p     = 659.13593
  s0%u     = 0.0
  s0%v     = 0.0
  s0%wfetc = 100000.0
/
