&s2m
  s0%t     = 265.207
  s0%q     = 2576.57411645
  s0%o     = 0.0368481128494
  s0%p     = 876.30151
  s0%u     = 0.0
  s0%v     = 0.0
  s0%wfetc = 100000.0
/
