&s2m
  s0%t     = 229.421
  s0%q     = 65.9438757913
  s0%o     = 0.0534678523697
  s0%p     = 824.893
  s0%u     = 5.70265
  s0%v     = 1.98001
  s0%wfetc = 100000.0
/
