&s2m
  s0%t     = 244.329
  s0%q     = 321.012917616
  s0%o     = 0.0317479052397
  s0%p     = 765.89099
  s0%u     = 0.0
  s0%v     = 0.0
  s0%wfetc = 100000.0
/
