&s2m
  s0%t     = 286.954
  s0%q     = 5033.64424009
  s0%o     = 0.0176504046613
  s0%p     = 988.67932
  s0%u     = 0.0
  s0%v     = 0.0
  s0%wfetc = 100000.0
/
