&s2m
  s0%t     = 298.42
  s0%q     = 28368.3408981
  s0%o     = 0.0221320202574
  s0%p     = 1007.19
  s0%u     = 0.0
  s0%v     = 0.0
  s0%wfetc = 100000.0
/
