&s2m
  s0%t     = 306.907
  s0%q     = 20081.7584986
  s0%o     = 0.0216024936175
  s0%p     = 983.94519
  s0%u     = 0.0
  s0%v     = 0.0
  s0%wfetc = 100000.0
/
