&s2m
  s0%t     = 249.515
  s0%q     = 388.503006752
  s0%o     = 0.0291053880745
  s0%p     = 698.06299
  s0%u     = 0.0
  s0%v     = 0.0
  s0%wfetc = 100000.0
/
