&s2m
  s0%t     = 265.262
  s0%q     = 2939.66290367
  s0%o     = 0.0233569360448
  s0%p     = 885.86108
  s0%u     = 0.0
  s0%v     = 0.0
  s0%wfetc = 100000.0
/
