&s2m
  s0%t     = 267.268
  s0%q     = 3691.00619328
  s0%o     = 0.0465788850359
  s0%p     = 976.906
  s0%u     = 6.05211
  s0%v     = -0.970993
  s0%wfetc = 100000.0
/
