&s2m
  s0%t     = 236.278
  s0%q     = 119.981357683
  s0%o     = 0.0182604880796
  s0%p     = 803.105
  s0%u     = -3.91188
  s0%v     = 7.72729
  s0%wfetc = 100000.0
/
