&s2m
  s0%t     = 211.063
  s0%q     = 7.382655496
  s0%o     = 0.00800177092525
  s0%p     = 1000.0
  s0%u     = 0.0
  s0%v     = 0.0
  s0%wfetc = 100000.0
/
