&s2m
  s0%t     = 297.916
  s0%q     = 30564.3035805
  s0%o     = 0.00330275525389
  s0%p     = 968.303
  s0%u     = -0.00527954
  s0%v     = 1.25745
  s0%wfetc = 100000.0
/
