&s2m
  s0%t     = 270.411
  s0%q     = 4463.93214677
  s0%o     = 0.000600753880616
  s0%p     = 989.231
  s0%u     = 9.51784
  s0%v     = 1.26343
  s0%wfetc = 100000.0
/
