&s2m
  s0%t     = 295.649
  s0%q     = 16643.3119453
  s0%o     = 0.0261343756914
  s0%p     = 1016.61102
  s0%u     = 0.0
  s0%v     = 0.0
  s0%wfetc = 100000.0
/
