&s2m
  s0%t     = 284.406
  s0%q     = 11593.3184894
  s0%o     = 0.0216565834359
  s0%p     = 1005.90198
  s0%u     = 0.0
  s0%v     = 0.0
  s0%wfetc = 100000.0
/
