&s2m
  s0%t     = 242.16
  s0%q     = 310.883321505
  s0%o     = 0.0283561817946
  s0%p     = 893.539
  s0%u     = 0.0
  s0%v     = 0.0
  s0%wfetc = 100000.0
/
