&s2m
  s0%t     = 302.199
  s0%q     = 23385.4266058
  s0%o     = 0.0302130367498
  s0%p     = 1009.28802
  s0%u     = 0.0
  s0%v     = 0.0
  s0%wfetc = 100000.0
/
