&s2m
  s0%t     = 291.153
  s0%q     = 15699.7852848
  s0%o     = 0.0319860166374
  s0%p     = 1018.92102
  s0%u     = 0.0
  s0%v     = 0.0
  s0%wfetc = 100000.0
/
