&s2m
  s0%t     = 273.356
  s0%q     = 5523.15524628
  s0%o     = 0.0141577861801
  s0%p     = 970.487
  s0%u     = 11.5111
  s0%v     = -9.30948
  s0%wfetc = 100000.0
/
