&s2m
  s0%t     = 276.363
  s0%q     = 6814.78997783
  s0%o     = 0.0241945876273
  s0%p     = 1004.97699
  s0%u     = 0.0
  s0%v     = 0.0
  s0%wfetc = 100000.0
/
