&s2m
  s0%t     = 251.194
  s0%q     = 653.107172257
  s0%o     = 0.0227506316887
  s0%p     = 913.42358
  s0%u     = 0.0
  s0%v     = 0.0
  s0%wfetc = 100000.0
/
