&s2m
  s0%t     = 270.629
  s0%q     = 3309.16072779
  s0%o     = 0.057436444558
  s0%p     = 1022.17
  s0%u     = 2.07999
  s0%v     = 4.27078
  s0%wfetc = 100000.0
/
