&s2m
  s0%t     = 291.379
  s0%q     = 17628.2677859
  s0%o     = 0.0422910048346
  s0%p     = 853.81128
  s0%u     = 0.0
  s0%v     = 0.0
  s0%wfetc = 100000.0
/
