&s2m
  s0%t     = 298.341
  s0%q     = 28355.6902211
  s0%o     = 0.0270856539438
  s0%p     = 946.73547
  s0%u     = 0.0
  s0%v     = 0.0
  s0%wfetc = 100000.0
/
