&s2m
  s0%t     = 282.488
  s0%q     = 7599.56436003
  s0%o     = 0.0279795394023
  s0%p     = 1029.69702
  s0%u     = 0.0
  s0%v     = 0.0
  s0%wfetc = 100000.0
/
