&s2m
  s0%t     = 299.798
  s0%q     = 28349.1759381
  s0%o     = 0.0221557764204
  s0%p     = 987.25659
  s0%u     = 0.0
  s0%v     = 0.0
  s0%wfetc = 100000.0
/
